taken at 10 sec
none
0.009468751634640301 -0.019554711166094644 -0.016529416673885286 0.9996272977455714
0.009443142006844398 -0.020181749438538 -0.016572904911950962 0.9996143570804783
0.009314897430965693 -0.020195740758011557 -0.016559675647039585 0.9996154970205048
0.009241330596842741 -0.019550504690686043 -0.01713011632825425 0.9996193949147443

-25
-0.023101182906613695 0.0266524127713401 0.040545578470893136 0.9985549761070954
-0.023227731782294737 0.027011153615999133 0.040146467953926325 0.99855852666101
-0.023134244994920426 0.027415573281643006 0.04044276601162338 0.9985377187304859
-0.02299605702181356 0.02827657053080428 0.041077916410755866 0.9984909722695628

https://www.instructables.com/Accelerometer-Gyro-Tutorial/
https://invensense.tdk.com/wp-content/uploads/2015/02/MPU-6000-Datasheet1.pdf